1153	0.026109
4150	0.041617
247	0.048355
4049	0.051097
251	0.054602
869	0.057575
257	0.058266
262	0.058294
208	0.060064
298	0.060155
293	0.06024
246	0.061518
200	0.065633
225	0.073168
249	0.073173
303	0.075481
212	0.07668
248	0.076986
201	0.077906
292	0.078135
237	0.079664
296	0.080732
268	0.082137
1143	0.087528
229	0.088181
314	0.094182
206	0.094481
281	0.096365
270	0.097354
228	0.097653
1209	0.099602
301	0.10203
297	0.10465
284	0.10518
299	0.10524
243	0.10556
221	0.10683
316	0.10999
224	0.11036
210	0.11042
217	0.11106
315	0.11209
300	0.11332
289	0.11345
238	0.11575
274	0.11896
313	0.12195
213	0.12282
250	0.12568
253	0.12794
219	0.12852
264	0.13602
273	0.13764
302	0.13779
338	0.13824
318	0.13926
286	0.13977
144	0.14253
1744	0.14628
260	0.14655
1307	0.15008
223	0.15177
1176	0.1522
267	0.15284
283	0.15468
205	0.15475
240	0.15673
255	0.15838
230	0.15882
209	0.1618
202	0.16392
4737	0.16418
244	0.16619
218	0.16781
271	0.16908
263	0.17269
275	0.18054
211	0.18137
239	0.18749
310	0.19424
261	0.1972
220	0.20165
311	0.20866
317	0.21043
278	0.21494
3552	0.21989
252	0.22253
234	0.22871
277	0.23065
1258	0.25648
266	0.258
245	0.27159
288	0.27207
269	0.27233
280	0.29426
307	0.30755
198	0.31108
287	0.31487
272	0.3165
5002	0.32162
290	0.32389
4290	0.32507
242	0.32912
4996	0.3346
4499	0.33546
291	0.34155
1312	0.35311
241	0.35575
1169	0.36351
1192	0.36952
294	0.38228
3259	0.38356
258	0.38517
285	0.39662
1144	0.40769
2714	0.41555
235	0.433
3304	0.44882
4441	0.45633
3174	0.45923
216	0.46997
820	0.47625
3665	0.47755
477	0.48366
2420	0.50286
1145	0.52404
4960	0.52702
226	0.52964
3281	0.53378
1138	0.53603
279	0.53723
3658	0.5424
1355	0.54334
4016	0.55135
2429	0.55462
421	0.56614
635	0.56999
2275	0.57405
775	0.58355
2546	0.59443
3395	0.59736
3272	0.59825
1152	0.59958
400	0.60024
825	0.60692
2621	0.60857
3236	0.60858
1946	0.62261
602	0.62577
628	0.62691
883	0.63392
3423	0.63571
4136	0.63577
3366	0.63589
3217	0.63696
4783	0.63908
319	0.63971
486	0.64338
945	0.64382
1097	0.64979
4907	0.65581
2656	0.65759
3233	0.66361
4829	0.66542
2458	0.66849
3504	0.66926
3608	0.66933
3800	0.67175
3600	0.6753
3391	0.67851
1161	0.68485
3918	0.68524
4294	0.68545
1411	0.68755
762	0.69186
4592	0.6934
2795	0.69352
1754	0.6956
1416	0.69639
3450	0.69676
4792	0.69729
2586	0.70038
2038	0.7021
4060	0.70599
2409	0.70889
2259	0.70949
3863	0.70968
3204	0.71032
3783	0.71308
1789	0.71387
492	0.71586
4396	0.72057
2668	0.72201
4030	0.72541
4688	0.72547
2371	0.7264
4677	0.72646
2019	0.72736
4055	0.72808
2738	0.72888
3238	0.73005
3952	0.73052
4428	0.73062
1420	0.73138
4920	0.73422
1054	0.7351
2036	0.7356
2065	0.73673
1620	0.73841
3495	0.74138
3372	0.74145
2896	0.74212
4478	0.74495
4973	0.746
327	0.74675
2316	0.74831
2052	0.74912
2778	0.74932
3865	0.7494
3046	0.74958
4971	0.75048
2391	0.75077
911	0.75079
3987	0.75095
2017	0.7525
4742	0.75405
1148	0.75554
3681	0.75559
1726	0.75688
796	0.75777
634	0.75863
3886	0.75865
1262	0.75889
1424	0.75943
2975	0.75992
2021	0.76107
4914	0.7619
1882	0.76331
4860	0.76347
3515	0.76421
4105	0.76439
3720	0.76573
1802	0.76658
4520	0.77145
2922	0.7725
2060	0.77325
4730	0.77378
3104	0.77466
674	0.77553
1954	0.7768
1699	0.77741
768	0.77847
2993	0.77851
3327	0.77926
3360	0.78113
1133	0.78276
4305	0.78309
3652	0.78318
3541	0.7836
4703	0.78377
2654	0.78393
3725	0.78411
58	0.7844
1015	0.78445
4620	0.78494
195	0.785
1404	0.78523
3794	0.78534
4649	0.7857
4137	0.78637
4778	0.78713
3251	0.7875
3773	0.78793
4668	0.78987
4481	0.79013
3520	0.79062
1465	0.7908
5028	0.79093
4916	0.79108
1260	0.79159
450	0.79196
1331	0.79304
2097	0.79353
1451	0.79399
4665	0.79438
1635	0.7945
1181	0.79566
3375	0.79721
2294	0.79765
4756	0.7983
3941	0.79839
3300	0.79917
1104	0.79933
2087	0.80009
381	0.80029
2344	0.80053
1223	0.80209
1883	0.80279
157	0.80301
1157	0.80325
4545	0.80388
420	0.80457
1004	0.80467
1027	0.80475
1902	0.80648
3211	0.8067
2961	0.80768
4894	0.80771
2935	0.80812
568	0.8083
3096	0.80862
926	0.80911
3947	0.80965
3273	0.80973
4220	0.80981
358	0.81016
732	0.81067
4163	0.81176
3385	0.81184
3775	0.81337
4526	0.81347
3338	0.81348
2967	0.81383
1212	0.81403
1432	0.81452
1345	0.81495
1515	0.81586
1414	0.81624
156	0.81658
1211	0.81658
1633	0.81712
1648	0.81741
320	0.81771
3547	0.81884
3893	0.81992
2462	0.82019
3675	0.82102
527	0.82104
3679	0.82137
1294	0.82152
2562	0.82199
4281	0.82267
1949	0.82273
1601	0.82277
3301	0.82344
4585	0.82431
5000	0.82545
7	0.82577
2183	0.82612
2722	0.82641
336	0.82679
4589	0.82696
4537	0.82718
4760	0.82753
3223	0.82756
4506	0.82774
2399	0.8279
2547	0.82839
1503	0.82902
136	0.82908
181	0.83052
1588	0.83178
2387	0.83212
4371	0.83215
2642	0.83234
3532	0.83258
4195	0.83299
3014	0.83305
3777	0.83386
3419	0.834
2912	0.83431
3539	0.83447
2996	0.83481
2634	0.83514
3491	0.83536
2638	0.83538
3597	0.83572
442	0.83678
747	0.83696
411	0.83702
567	0.83717
3106	0.83723
975	0.83798
2764	0.83813
2098	0.83902
2833	0.83905
973	0.83993
3384	0.84013
2929	0.84015
2427	0.84032
556	0.8407
3276	0.8408
3842	0.84085
3274	0.84089
3245	0.84147
2603	0.84181
3616	0.84239
1935	0.84264
728	0.8429
4006	0.84378
3538	0.84486
1841	0.84544
24	0.84594
3937	0.84642
2353	0.84669
3486	0.84727
2410	0.84808
2450	0.84815
3786	0.84858
2570	0.84885
698	0.84915
2487	0.84937
2681	0.84941
2545	0.84955
2626	0.84961
2229	0.84981
4514	0.84989
4642	0.85046
1798	0.85058
4011	0.85127
3092	0.85162
2552	0.85181
3319	0.8519
1716	0.85206
997	0.85234
2089	0.85234
3707	0.85288
1905	0.85293
4313	0.85298
4466	0.8531
3033	0.85337
1220	0.85352
2814	0.85361
3669	0.85371
2256	0.85378
4437	0.85423
4347	0.85426
4244	0.85455
4414	0.85479
2834	0.85483
1567	0.85494
4579	0.85499
2405	0.85584
4549	0.85726
189	0.85733
1061	0.85755
2520	0.8576
4458	0.85811
730	0.85822
160	0.85837
828	0.85878
44	0.8592
2302	0.85926
1244	0.85977
1824	0.86008
629	0.86025
1478	0.86057
331	0.86092
2449	0.8613
3716	0.86137
4828	0.86177
787	0.8618
62	0.86193
3593	0.86196
3034	0.86247
4318	0.86256
70	0.86324
1759	0.86327
4605	0.86353
1670	0.86366
4527	0.86393
4234	0.86409
1844	0.8642
4676	0.86424
3381	0.86432
1664	0.86443
4280	0.86444
3380	0.86455
1036	0.86458
4467	0.86461
388	0.86466
4882	0.86513
1626	0.86554
1216	0.86556
1381	0.86571
4217	0.86583
4734	0.86593
3923	0.86604
1105	0.86657
190	0.86659
1123	0.86666
4159	0.86674
2622	0.867
4893	0.86709
919	0.86805
582	0.86806
4575	0.86841
265	0.86847
937	0.86881
1405	0.86888
2633	0.86901
2985	0.86906
3610	0.8693
4686	0.86986
3187	0.8702
1722	0.87038
490	0.87041
2816	0.87048
4905	0.87062
3528	0.87064
2342	0.87098
4827	0.87123
1165	0.87132
408	0.87133
4877	0.87174
2203	0.87196
4126	0.872
3472	0.87215
151	0.87223
2106	0.87227
3672	0.87318
624	0.87342
1914	0.87364
2555	0.87368
3231	0.87417
1285	0.87431
4153	0.87436
771	0.87454
186	0.87456
1636	0.87457
2742	0.8746
613	0.87482
1087	0.87524
1892	0.87529
2971	0.87578
710	0.87588
496	0.87615
805	0.87627
2870	0.87629
990	0.87656
1125	0.87681
2042	0.8769
4666	0.87715
3114	0.87729
4775	0.87762
276	0.87775
3449	0.8778
4532	0.87819
2853	0.87822
3745	0.87838
720	0.87843
2308	0.87969
966	0.88013
581	0.88016
1499	0.88025
4363	0.88051
1227	0.88077
4656	0.88126
1213	0.88148
4386	0.88184
4995	0.88213
831	0.88234
3761	0.88261
561	0.88303
1453	0.88317
2533	0.88325
4728	0.88328
792	0.88347
2772	0.88362
666	0.88374
4269	0.88396
1158	0.88409
4900	0.88426
2796	0.88427
1554	0.88436
2243	0.8848
1239	0.88487
3059	0.88487
1708	0.88526
1992	0.88547
3875	0.88585
2020	0.88624
2260	0.88624
3294	0.88656
878	0.88662
809	0.8867
4572	0.88674
1322	0.88689
1433	0.88696
938	0.88701
1330	0.88723
1395	0.88738
3112	0.88757
1642	0.88777
4628	0.8878
1760	0.88787
392	0.88811
934	0.88828
5042	0.8884
4822	0.88842
3155	0.88853
687	0.88856
1287	0.88871
3107	0.88893
1150	0.88895
3135	0.88938
396	0.88956
1989	0.88965
2484	0.88976
735	0.89
4571	0.89006
2064	0.89012
2695	0.89019
892	0.89057
2265	0.89068
2821	0.89075
1866	0.89084
1299	0.89103
4683	0.8913
4464	0.89135
4132	0.89149
3588	0.8915
2360	0.89171
1167	0.89174
3277	0.89186
2204	0.89213
3748	0.89278
2902	0.89308
2425	0.89355
3948	0.89357
2632	0.89383
1783	0.89388
842	0.89398
3890	0.89433
4698	0.89438
1637	0.89456
33	0.89459
3945	0.89469
2582	0.89486
4188	0.89489
474	0.89498
4297	0.89526
776	0.89531
1295	0.89542
2518	0.89557
1718	0.89596
417	0.89606
1199	0.89629
3215	0.89643
609	0.8965
4554	0.89663
689	0.89683
1552	0.8971
1851	0.8972
594	0.89732
4449	0.89733
1204	0.89763
4135	0.89773
1815	0.8978
4075	0.89814
2542	0.89818
2741	0.89846
4717	0.8987
2005	0.89896
2423	0.89901
1686	0.89908
2083	0.89918
2078	0.89919
4992	0.89928
1501	0.89933
951	0.89939
875	0.89951
4065	0.89956
4633	0.89961
2527	0.89971
3706	0.89981
2209	0.90022
1869	0.90048
4291	0.90078
4930	0.90079
2296	0.90089
1290	0.90092
386	0.90094
4045	0.9011
4046	0.90117
3859	0.90125
2146	0.90174
2442	0.90174
507	0.90176
2417	0.90179
3023	0.90194
3263	0.90199
1609	0.90243
4422	0.90245
3332	0.90264
3553	0.90277
914	0.90286
3019	0.90289
3163	0.9029
1678	0.90304
1250	0.90306
4395	0.90311
2509	0.9032
3639	0.90323
2285	0.9033
2978	0.90374
374	0.90377
3770	0.90378
2715	0.90386
617	0.90396
3043	0.90414
3041	0.9043
1917	0.90465
413	0.90475
1772	0.90478
2973	0.90487
943	0.9049
1001	0.9051
2762	0.90516
685	0.90531
2035	0.9055
558	0.90573
3953	0.90589
1471	0.90592
1257	0.90594
2176	0.90607
3501	0.90607
2558	0.90631
3991	0.90644
4445	0.90701
4106	0.90739
4475	0.90744
2217	0.90753
2124	0.90765
2240	0.90783
3674	0.90787
2186	0.9081
4711	0.90816
4233	0.90828
1390	0.90831
3825	0.90831
3700	0.9085
3230	0.90862
1363	0.90875
2597	0.9088
2414	0.90903
2783	0.90959
2241	0.90979
1233	0.9098
3581	0.90984
893	0.90991
2077	0.90995
4812	0.90995
2031	0.91034
2024	0.91056
3808	0.91085
1525	0.91108
1533	0.91112
4651	0.91118
3857	0.91125
2374	0.91131
123	0.91142
4807	0.91148
891	0.91152
469	0.9117
4204	0.91187
4273	0.9119
3695	0.91194
4951	0.91194
4216	0.912
1354	0.91203
2170	0.91217
531	0.9123
3688	0.91302
1594	0.91329
4232	0.91357
1912	0.91359
1782	0.914
1863	0.91404
4236	0.91408
3361	0.91411
2071	0.91417
2468	0.91466
2719	0.91474
1434	0.91488
4613	0.91493
3698	0.91495
3776	0.91502
4709	0.91524
1940	0.91553
65	0.91579
669	0.91582
2384	0.91591
2867	0.91592
1643	0.91628
2674	0.91635
4854	0.91637
2340	0.91649
3435	0.91661
2826	0.91664
1682	0.91671
2899	0.91673
3740	0.91675
4314	0.91675
2171	0.91682
1249	0.91684
1126	0.91705
4472	0.91752
1372	0.91765
1349	0.91778
3314	0.91782
2790	0.91789
3841	0.91792
643	0.91793
1163	0.918
927	0.91805
1962	0.91815
446	0.91817
552	0.9183
4399	0.91837
38	0.91856
1697	0.91869
4797	0.91884
1687	0.91902
3599	0.91909
2112	0.91919
3388	0.91924
2335	0.91931
1597	0.9201
3869	0.92025
3100	0.92027
1222	0.92033
2086	0.92048
797	0.92054
2813	0.92079
3619	0.92084
620	0.92093
4355	0.92118
2321	0.9213
1185	0.92133
3401	0.92133
1768	0.92138
4295	0.92142
727	0.92167
2091	0.92184
3851	0.92187
2798	0.92191
4766	0.92192
4557	0.92204
2824	0.92223
3830	0.92231
3065	0.92247
3026	0.92253
1965	0.92254
3415	0.92264
2554	0.92302
1634	0.92314
2397	0.92316
4476	0.92318
4541	0.9232
158	0.92332
2128	0.92352
2263	0.92363
3359	0.92386
1874	0.92405
2489	0.92406
3979	0.92406
2536	0.92431
1044	0.92434
1278	0.92444
1447	0.92476
2921	0.92483
3680	0.925
1296	0.92506
1281	0.92509
2893	0.92513
66	0.92514
1698	0.92531
856	0.92584
1582	0.92586
1778	0.92587
3514	0.92618
3297	0.92626
1116	0.92646
2073	0.92672
2639	0.92672
1690	0.92679
1828	0.92684
850	0.92686
827	0.927
3286	0.92706
2315	0.92713
4814	0.92727
4117	0.92736
2704	0.92738
3933	0.9274
2341	0.92752
4777	0.92756
888	0.92774
1398	0.92775
1896	0.92778
2643	0.92804
4080	0.92804
1604	0.92809
3844	0.92833
993	0.92864
3008	0.92872
3685	0.92895
946	0.92899
4816	0.92907
3645	0.92923
356	0.92937
1071	0.92943
4052	0.92944
3389	0.92948
3928	0.9295
4509	0.92951
918	0.92963
2244	0.92983
67	0.92992
4600	0.92995
137	0.93003
3733	0.93005
651	0.93008
2304	0.93057
4486	0.93058
978	0.93066
3542	0.93068
2401	0.93098
1610	0.93104
1327	0.93118
3089	0.93118
1202	0.93161
676	0.93164
135	0.93197
1323	0.93197
4616	0.93204
3917	0.93215
4339	0.93221
3582	0.93225
2393	0.93235
4165	0.93238
3757	0.93243
4043	0.93252
2076	0.93262
361	0.9327
1208	0.93275
323	0.93278
1707	0.93327
4919	0.93336
1367	0.93349
1600	0.93352
30	0.93354
1895	0.93368
1942	0.93379
1948	0.9338
506	0.93384
2544	0.93386
711	0.93388
89	0.93392
1241	0.93392
2594	0.93392
494	0.93409
77	0.93423
3919	0.93423
4897	0.9343
3036	0.93449
659	0.93466
2177	0.93467
4212	0.93471
3400	0.93487
2011	0.93521
325	0.9354
3930	0.93568
4484	0.93576
2835	0.93598
3166	0.93606
3566	0.9361
2736	0.93614
4726	0.93619
3522	0.93624
1923	0.93639
1689	0.93662
459	0.93664
59	0.93683
1751	0.93687
2402	0.93705
4325	0.93748
1566	0.93775
4335	0.93777
3609	0.93805
2400	0.93814
1911	0.93816
1357	0.93827
3456	0.93853
631	0.93859
603	0.93881
1205	0.93883
1333	0.93885
2636	0.9389
813	0.939
2613	0.93903
1364	0.93911
1408	0.93913
2050	0.93914
92	0.93917
1274	0.9392
822	0.93933
1956	0.93962
148	0.93967
3822	0.93967
3039	0.93971
75	0.93972
4176	0.93991
826	0.93992
2298	0.94
3083	0.94022
4221	0.94055
427	0.94058
1950	0.94059
4116	0.94066
2413	0.94081
1550	0.94098
2249	0.94117
627	0.94128
570	0.9413
590	0.94135
378	0.94136
4848	0.94139
2559	0.94147
1738	0.94165
1384	0.94195
4752	0.94208
2759	0.94225
923	0.94234
1375	0.94247
1063	0.94274
4133	0.94302
1301	0.94305
4776	0.94309
161	0.94312
2512	0.94312
4799	0.94324
1477	0.9433
3667	0.94335
3614	0.94339
794	0.94342
2101	0.9439
1361	0.94404
979	0.94437
3715	0.94468
2312	0.94497
2380	0.94499
4757	0.94508
1077	0.94521
2788	0.94527
174	0.94553
2619	0.94554
1766	0.94555
2027	0.94557
3972	0.94578
61	0.9458
1927	0.94588
1641	0.94589
5013	0.94599
4716	0.94602
546	0.94616
3837	0.94616
28	0.94621
3728	0.94626
2440	0.94627
2046	0.9463
1506	0.94653
1967	0.94653
648	0.94668
2599	0.94671
3534	0.9472
4262	0.94732
1002	0.94739
2134	0.94748
422	0.94759
3136	0.9477
1619	0.94779
4941	0.94782
6	0.94802
1438	0.94811
3113	0.94829
2333	0.94834
4447	0.94849
2180	0.94854
3561	0.94868
5040	0.94874
3172	0.94876
3378	0.94882
1236	0.94904
2179	0.94908
332	0.94911
1464	0.94924
4956	0.94926
1680	0.94928
1823	0.94935
1106	0.94947
1325	0.94956
4818	0.94964
1417	0.94975
2181	0.94987
1127	0.94999
2571	0.9501
548	0.95046
1924	0.95046
4512	0.95046
2508	0.95071
1387	0.9508
4712	0.9508
1825	0.95082
2927	0.95082
458	0.95085
2768	0.95092
986	0.95105
3651	0.95111
4393	0.95118
1944	0.95155
3878	0.95181
4073	0.95183
4953	0.95193
553	0.95217
3247	0.95256
709	0.95263
2735	0.95269
3904	0.95269
4397	0.95269
1393	0.95297
1984	0.95321
4114	0.95321
4769	0.95324
1286	0.95331
187	0.95332
3649	0.9534
4762	0.95344
4376	0.95349
1066	0.9535
3951	0.95356
2094	0.95358
2504	0.95366
4511	0.95388
4482	0.95399
1591	0.95401
691	0.95409
516	0.95413
3235	0.95426
448	0.9543
455	0.95433
3521	0.95438
1091	0.95439
4825	0.95444
1362	0.95452
2195	0.95461
2394	0.9547
1585	0.95471
4528	0.95474
4089	0.95503
2272	0.95523
439	0.9553
2055	0.95551
1557	0.95559
3852	0.95563
1522	0.95574
1647	0.95576
3557	0.95602
3861	0.95614
1922	0.95622
2700	0.95625
2567	0.95633
42	0.95634
4578	0.95637
2964	0.95646
383	0.95649
1964	0.95699
2959	0.95699
4885	0.95704
1804	0.95708
185	0.95723
3405	0.95735
3753	0.95735
1545	0.95742
330	0.9576
4154	0.95764
719	0.95767
1535	0.95776
3721	0.9578
2767	0.95785
1762	0.95792
1166	0.95818
1790	0.95833
3544	0.95837
2369	0.95842
4917	0.95848
3829	0.95884
4563	0.95901
41	0.95917
462	0.95917
1168	0.95924
3758	0.95926
3931	0.95931
3986	0.9594
3655	0.95958
1558	0.95987
2102	0.95987
491	0.95988
4283	0.96021
2347	0.96044
4837	0.96052
2836	0.96066
2175	0.96075
498	0.96077
2345	0.96085
2444	0.96085
2150	0.96099
1523	0.96112
1602	0.96163
1214	0.96167
2750	0.96189
1792	0.96197
3965	0.96213
694	0.96225
4416	0.96231
2733	0.96241
3134	0.96262
4673	0.96272
4333	0.96289
3545	0.96299
2357	0.96302
1959	0.9631
4942	0.96322
562	0.96348
977	0.96357
2781	0.96363
1067	0.96367
3803	0.96372
540	0.96375
3500	0.964
1791	0.96417
390	0.96445
4332	0.96491
1245	0.96498
1657	0.96499
2262	0.96506
3013	0.96515
2755	0.96534
3030	0.96548
1172	0.96551
1482	0.96555
2392	0.9657
3689	0.96572
690	0.9658
117	0.96594
3571	0.966
2022	0.96601
1253	0.96603
1853	0.96614
4879	0.9662
2721	0.96673
844	0.96694
4270	0.96706
823	0.96712
60	0.96725
1564	0.96726
1141	0.96734
4612	0.96737
1864	0.96741
2370	0.96745
4701	0.96745
662	0.96779
334	0.96781
3589	0.96782
4330	0.96782
2822	0.9679
3583	0.96805
3142	0.96808
3195	0.96815
1396	0.9683
4038	0.96838
1288	0.96839
4609	0.96847
1200	0.9685
854	0.96865
2233	0.96868
829	0.96873
1090	0.96888
1352	0.96903
350	0.96918
1931	0.96948
678	0.96951
1329	0.96955
3005	0.96958
3058	0.96958
2694	0.96961
3701	0.96961
2368	0.96972
4491	0.96975
2720	0.96978
1655	0.96981
1491	0.9699
460	0.96991
1583	0.96996
1326	0.97001
726	0.9701
4032	0.97018
2185	0.97019
3313	0.9702
3984	0.97023
2847	0.97048
4632	0.97048
2267	0.97061
1096	0.97065
50	0.97092
2749	0.97092
1495	0.97106
2839	0.97111
2099	0.97123
2947	0.9713
525	0.97137
2030	0.97155
3982	0.9716
2955	0.97166
2635	0.97179
1739	0.97182
953	0.97185
3690	0.97191
870	0.97192
1279	0.97194
832	0.97204
1579	0.97204
933	0.97206
2039	0.97206
1275	0.97209
991	0.97212
3284	0.97227
1259	0.97238
143	0.97246
4749	0.97253
1640	0.97282
955	0.97291
1672	0.97307
1440	0.97311
96	0.97313
3554	0.97326
1873	0.97333
2080	0.97358
2785	0.97387
436	0.97393
3602	0.97406
1845	0.97412
1893	0.97428
2105	0.97438
4842	0.97445
1625	0.97474
743	0.9748
4748	0.9748
1282	0.97486
4631	0.97489
2608	0.97492
557	0.97507
2693	0.97508
3110	0.97533
3315	0.9754
3755	0.97549
4250	0.97565
4867	0.97572
2511	0.97586
1839	0.97591
1756	0.97599
2913	0.97599
4550	0.976
4211	0.97617
2607	0.97622
1380	0.97632
1264	0.97636
2812	0.97642
1360	0.97652
1500	0.97652
4435	0.97658
4292	0.97664
1504	0.97666
4040	0.97678
2447	0.97699
4051	0.97709
1784	0.97723
1909	0.97769
1446	0.97776
2805	0.97778
3641	0.97789
3668	0.97795
4985	0.97803
1365	0.97808
236	0.97814
1247	0.97817
3129	0.97821
2396	0.9784
2329	0.97875
3508	0.97876
1668	0.97884
1539	0.97891
3418	0.97901
4248	0.97904
2925	0.97906
3145	0.97909
3911	0.97922
1268	0.97932
769	0.97936
4843	0.97938
1662	0.97953
1463	0.97956
867	0.97957
4947	0.97968
4753	0.9797
1916	0.98017
3678	0.98041
1072	0.98054
4758	0.98061
791	0.98063
1081	0.98065
1684	0.98068
3977	0.98073
1673	0.98076
2013	0.98099
3178	0.98116
2827	0.98126
1573	0.98134
4261	0.98141
2350	0.98149
992	0.98165
2199	0.98178
2628	0.98185
1194	0.98186
957	0.98191
2257	0.98196
1587	0.98201
1963	0.98204
428	0.98218
3601	0.98223
2431	0.98229
4345	0.98247
4664	0.98249
2550	0.98252
105	0.98262
1	0.98266
686	0.98278
597	0.98293
742	0.98308
1472	0.98308
4227	0.98325
4037	0.9835
1801	0.98358
2658	0.9836
2070	0.98366
2972	0.98366
503	0.98375
2478	0.98385
1838	0.98391
2436	0.98393
2408	0.98418
4215	0.98418
3162	0.98432
2074	0.98458
2513	0.985
46	0.98505
1305	0.98526
1735	0.9854
2207	0.9854
2283	0.98546
2707	0.98568
4107	0.98569
1388	0.98576
2016	0.98589
1572	0.98603
1475	0.98616
1082	0.98625
4193	0.98625
632	0.98631
4099	0.98643
3387	0.98657
4994	0.98657
4299	0.98661
2439	0.98668
3475	0.98668
4438	0.9867
2787	0.98676
1383	0.98688
2765	0.98703
2530	0.98704
4708	0.98712
509	0.98723
3530	0.98743
4750	0.98745
2573	0.98789
4674	0.98798
4278	0.98811
4547	0.98825
1057	0.98827
4685	0.98827
3855	0.98837
4936	0.98855
916	0.98863
5041	0.98874
1235	0.98875
2464	0.9888
1272	0.98885
2381	0.98909
4607	0.9893
71	0.98954
4910	0.98954
1618	0.98956
2454	0.98968
2047	0.9898
980	0.98982
1392	0.98998
3590	0.99009
2829	0.99025
4245	0.99037
2522	0.99038
4222	0.99059
2348	0.9906
1336	0.99063
1898	0.99075
744	0.99094
1350	0.99102
3714	0.99109
3843	0.9912
2576	0.99127
2178	0.99143
4351	0.99146
1717	0.99165
4432	0.99165
4377	0.99186
2014	0.99194
1102	0.99195
3461	0.9922
2799	0.99247
2629	0.99267
3617	0.99269
3254	0.9927
2483	0.99281
2519	0.99281
2776	0.99292
3249	0.99302
4638	0.99305
4794	0.99308
2907	0.99334
49	0.99354
1666	0.99363
1701	0.99368
1767	0.9937
1183	0.99398
2802	0.9945
1951	0.99452
3037	0.99452
4765	0.99454
3789	0.9947
4088	0.99477
3596	0.9951
3752	0.99512
418	0.99521
3012	0.99521
4670	0.99534
3963	0.99539
1228	0.9956
4098	0.99596
5031	0.99601
4284	0.99614
4160	0.99638
4495	0.99666
2153	0.99669
4008	0.9969
4326	0.99698
1569	0.99707
1732	0.99723
2873	0.99764
1320	0.99779
440	0.99781
1218	0.99781
2701	0.99781
1242	0.99818
3029	0.99819
3717	0.9982
2841	0.99832
4738	0.99834
515	0.99837
4817	0.99853
4833	0.99854
3220	0.99867
1450	0.99873
1178	0.99881
1982	0.99912
2268	0.99924
3746	0.99961
1356	0.99968
1758	1.0001
4407	1.0001
1611	1.0002
2505	1.0004
4525	1.0005
146	1.0006
3885	1.0006
3895	1.0006
4729	1.0007
2815	1.0008
2048	1.0009
3021	1.001
1086	1.0011
2524	1.0011
121	1.0012
2290	1.0013
2569	1.0013
1306	1.0014
3487	1.0014
2763	1.0015
2236	1.0017
3703	1.002
697	1.0021
4883	1.0023
863	1.0025
1070	1.0026
2416	1.0027
4306	1.0027
4095	1.0029
3983	1.003
1370	1.0031
87	1.0034
3057	1.0035
81	1.0036
1344	1.0036
324	1.0037
1130	1.0039
4091	1.0039
3075	1.004
1455	1.0042
4940	1.0042
4308	1.0043
2103	1.0044
55	1.0045
1943	1.0045
2467	1.0045
4148	1.0045
3262	1.0049
364	1.005
4503	1.0053
2598	1.0054
1094	1.0056
3624	1.0057
4168	1.0057
1925	1.0062
1659	1.0064
3866	1.0065
1386	1.0066
2339	1.0066
3891	1.0066
409	1.0067
763	1.0067
2652	1.0067
2081	1.0068
2160	1.0068
3509	1.007
2037	1.0072
3613	1.0072
3955	1.0072
4977	1.0072
1221	1.0073
3511	1.0074
3186	1.0075
4830	1.0075
4406	1.0077
1529	1.0079
2437	1.0079
4700	1.0079
1373	1.0081
3889	1.0082
1592	1.0084
2318	1.0084
2605	1.0086
591	1.0088
3270	1.0088
4718	1.0088
1872	1.0089
2696	1.0089
355	1.0091
3664	1.0091
1748	1.0094
1729	1.0096
807	1.0097
983	1.0097
1978	1.0097
3457	1.0097
4367	1.01
2515	1.0101
2495	1.0105
610	1.0106
3342	1.0106
2644	1.0107
3591	1.0107
541	1.011
1879	1.011
3872	1.0111
1571	1.0113
963	1.0114
2535	1.0116
1527	1.0117
976	1.0118
1210	1.0119
4896	1.0119
939	1.0122
1731	1.0122
1932	1.0122
3340	1.0122
4927	1.0123
3133	1.0124
3158	1.0125
3159	1.0125
4863	1.0125
3782	1.0127
382	1.013
2113	1.013
1505	1.0131
3550	1.0132
2568	1.0133
4646	1.0133
1489	1.0135
2251	1.0136
2104	1.0138
3654	1.0138
2138	1.0139
4315	1.0139
812	1.0141
3390	1.0141
2669	1.0143
2422	1.0145
801	1.0146
2406	1.0147
3995	1.0148
1681	1.0149
1918	1.0149
2434	1.0152
1628	1.0153
2193	1.0153
2337	1.0153
2271	1.0154
1705	1.0158
2276	1.0158
4707	1.0159
118	1.016
145	1.0161
532	1.0161
3344	1.0161
5037	1.0164
4876	1.0165
171	1.0166
898	1.0166
2448	1.0168
910	1.017
3268	1.017
3305	1.017
3888	1.017
162	1.0171
2727	1.0171
40	1.0173
725	1.0177
1781	1.0179
1830	1.0181
2690	1.0181
1543	1.0183
4444	1.0184
900	1.0187
1575	1.0188
4847	1.0188
981	1.0189
2445	1.019
1385	1.0191
793	1.0192
2901	1.0193
3018	1.0193
839	1.0197
433	1.0199
3192	1.02
664	1.0203
3374	1.0204
2868	1.0206
2532	1.0207
4692	1.0207
766	1.0208
4172	1.0211
4944	1.0211
1840	1.0212
2711	1.0212
968	1.0214
836	1.0215
1613	1.0215
3362	1.0215
785	1.0218
1752	1.0219
1677	1.022
2596	1.022
2866	1.022
3271	1.022
4036	1.0221
673	1.0222
1812	1.0223
4487	1.0223
830	1.0224
69	1.0225
902	1.0228
3780	1.0228
665	1.0229
3138	1.0229
3814	1.0229
1771	1.023
3446	1.023
2543	1.0231
3350	1.0231
2018	1.0233
1422	1.0235
2777	1.0235
2908	1.0235
372	1.0237
74	1.024
1833	1.024
2242	1.0241
3293	1.0242
4699	1.0243
4590	1.0244
326	1.0246
2127	1.025
1423	1.0253
2862	1.0253
652	1.0256
1507	1.0256
3267	1.0256
774	1.0257
1999	1.0258
780	1.0259
1570	1.026
699	1.0261
1466	1.0262
2650	1.0264
1056	1.0265
1770	1.0267
3738	1.0267
1809	1.0269
1341	1.027
3210	1.0272
1038	1.0274
4564	1.0275
904	1.0278
3510	1.0278
88	1.0279
1347	1.0279
2390	1.028
1391	1.0281
2062	1.0282
2154	1.0285
3244	1.0285
866	1.0286
3413	1.0287
1849	1.0288
1560	1.0292
912	1.0293
1040	1.0293
1740	1.0293
2049	1.0293
2793	1.0293
722	1.0294
1108	1.0294
2407	1.0294
359	1.0295
4836	1.0295
4316	1.0297
3396	1.0301
925	1.0302
2578	1.0305
2029	1.0306
958	1.031
1121	1.0311
177	1.0312
1586	1.0319
2131	1.0324
4937	1.0324
4542	1.0325
1048	1.0327
1115	1.0329
4515	1.0333
3032	1.0334
1855	1.0335
23	1.0336
2205	1.0337
3604	1.0337
1891	1.0338
2253	1.0339
4121	1.0341
4858	1.0341
2132	1.0343
3670	1.0343
2481	1.0344
3363	1.0344
1400	1.0345
2189	1.0345
3981	1.0345
4190	1.0345
1805	1.0348
3466	1.0348
1939	1.035
4242	1.0351
2330	1.0354
2411	1.0354
4723	1.0354
4597	1.0357
1877	1.0358
99	1.0361
3170	1.0361
4301	1.0361
1517	1.0362
1983	1.0362
4365	1.0362
1065	1.0363
1788	1.0363
513	1.0364
1537	1.0364
1979	1.0364
1353	1.0365
2758	1.0365
1854	1.0367
4454	1.0367
3587	1.0368
944	1.0369
2172	1.037
1201	1.0371
2855	1.0371
4838	1.0372
4510	1.0373
3734	1.0374
608	1.0375
3548	1.0377
1746	1.0378
4500	1.0378
1520	1.0382
3902	1.0383
3555	1.0385
1251	1.0389
3303	1.039
640	1.0392
328	1.0393
1913	1.0394
2162	1.0394
3612	1.0394
1890	1.0395
4433	1.0395
4551	1.0395
1803	1.0397
2844	1.0397
82	1.0399
4238	1.0399
969	1.0404
656	1.0405
2869	1.0406
449	1.041
3956	1.041
2689	1.0412
342	1.0413
706	1.0414
2151	1.0416
1674	1.0417
2499	1.0418
1981	1.0419
1796	1.042
3578	1.042
53	1.0424
810	1.0425
3409	1.0426
1584	1.0428
1888	1.043
2040	1.043
1644	1.0431
2692	1.0431
3256	1.0431
405	1.0434
4580	1.0434
4618	1.0434
4763	1.0434
1660	1.0435
1238	1.0437
2135	1.0438
874	1.0444
2198	1.0444
2140	1.0446
4096	1.0447
4453	1.0448
1649	1.0449
798	1.045
1302	1.0451
1232	1.0455
4380	1.0455
2164	1.0459
4338	1.0459
4800	1.046
1179	1.0462
3846	1.0463
3784	1.0465
352	1.0466
4603	1.0466
647	1.0467
2246	1.0467
2282	1.0471
132	1.0472
1217	1.0472
1847	1.0472
4059	1.0472
3856	1.0475
1196	1.0478
1696	1.0478
2470	1.0478
3048	1.0482
1351	1.0486
2058	1.0486
4715	1.0486
415	1.0487
2521	1.0488
3910	1.049
4581	1.049
702	1.0493
1704	1.0493
2426	1.0493
34	1.0494
1488	1.0495
3055	1.0495
1219	1.0497
4171	1.05
906	1.0501
1605	1.0501
3876	1.0501
4082	1.0503
2843	1.0504
1088	1.051
1603	1.0511
3143	1.0511
2269	1.0512
1382	1.0513
2761	1.0518
3638	1.0518
4684	1.0521
1203	1.0522
2497	1.0523
1224	1.0525
936	1.0526
4790	1.0528
2871	1.0529
2476	1.053
2602	1.0531
1614	1.0532
4101	1.0532
2010	1.0533
2012	1.0533
3064	1.0534
4231	1.0534
1062	1.0536
1934	1.0536
3747	1.0539
1714	1.054
2202	1.054
2326	1.0541
2981	1.0543
2343	1.0546
641	1.0547
256	1.0548
1467	1.0548
2137	1.0548
1109	1.0549
4423	1.0552
2320	1.0553
2258	1.0554
3719	1.0555
4856	1.0561
4567	1.0562
4925	1.0562
1120	1.0563
1769	1.0563
2063	1.0563
54	1.0564
834	1.0565
1394	1.0567
3045	1.0569
2388	1.057
1128	1.0571
3240	1.0571
3992	1.0572
2708	1.0574
2	1.058
1267	1.0586
4556	1.0586
3167	1.0587
4672	1.0591
3793	1.0593
4442	1.0595
741	1.0599
1808	1.0601
1555	1.0602
2577	1.0605
4637	1.0606
1691	1.0609
3180	1.061
1376	1.0614
3929	1.0614
16	1.0615
1389	1.0615
2475	1.0618
2803	1.062
2457	1.0621
873	1.0623
4680	1.0624
166	1.0626
2818	1.0626
1374	1.0627
1481	1.0627
1013	1.0629
3969	1.0629
3864	1.0636
1410	1.0637
4421	1.0637
2322	1.0638
804	1.064
2766	1.0642
404	1.0643
4780	1.0643
1933	1.0645
3801	1.0645
3788	1.0647
4566	1.065
2956	1.0651
3213	1.0651
4394	1.0651
579	1.0652
452	1.0655
2565	1.0657
3524	1.0657
4256	1.0658
4465	1.0659
2745	1.066
3592	1.0664
879	1.0668
2008	1.0668
2620	1.0669
3431	1.067
3476	1.0676
4844	1.0678
1749	1.068
1971	1.068
2129	1.068
2641	1.0681
569	1.0682
930	1.0684
2746	1.0686
4035	1.0686
27	1.0687
1730	1.0689
3011	1.0694
168	1.0695
1017	1.0696
2716	1.0696
447	1.07
2155	1.0701
2026	1.0703
3817	1.0704
623	1.0706
523	1.0708
701	1.0708
1511	1.0711
1549	1.0712
4841	1.0712
746	1.0715
2823	1.0715
837	1.0721
1991	1.0721
2932	1.0722
2025	1.0723
4912	1.0723
1548	1.0724
3574	1.0734
3576	1.0734
3845	1.0734
3779	1.0735
622	1.0737
1941	1.0738
1452	1.0739
2126	1.0741
2471	1.0741
4480	1.0744
2556	1.0748
4309	1.075
3507	1.0751
4913	1.0751
4823	1.0753
3971	1.0754
391	1.0755
1881	1.0755
4381	1.0755
1995	1.0756
1074	1.0757
2404	1.0757
1576	1.0758
4127	1.0759
2325	1.076
1536	1.0764
1976	1.0764
999	1.0767
2601	1.0767
716	1.0772
3460	1.0772
3493	1.0772
4789	1.0772
2323	1.0774
3819	1.0776
3584	1.0777
147	1.0779
806	1.0779
1813	1.0782
2664	1.0783
2811	1.0785
45	1.0787
1369	1.0787
1237	1.0788
4504	1.0789
4795	1.079
463	1.0791
1186	1.0792
1713	1.0794
3062	1.0794
4739	1.0794
2053	1.0795
868	1.0796
2858	1.0796
141	1.0797
905	1.0797
2356	1.0797
5009	1.0798
1510	1.08
3709	1.0805
1401	1.0806
4067	1.0807
1521	1.0808
2894	1.0809
2957	1.0809
339	1.0817
1952	1.0818
4336	1.0818
3763	1.0819
668	1.0821
598	1.0823
1045	1.0824
1800	1.0824
3090	1.0824
499	1.0828
1003	1.0828
4268	1.0828
4356	1.0829
803	1.083
4018	1.083
4350	1.0831
2924	1.0834
1692	1.0837
1338	1.0844
1596	1.0845
1969	1.0848
2120	1.0851
4577	1.0851
2266	1.0855
4094	1.0856
2145	1.0857
4446	1.0858
3068	1.0861
1263	1.0864
4565	1.0864
4751	1.0866
4202	1.0868
818	1.0869
838	1.087
4311	1.087
3562	1.0871
2662	1.0872
4053	1.0879
4770	1.0879
5026	1.0879
2734	1.088
3198	1.0881
773	1.0884
2235	1.0884
4773	1.0884
2435	1.0886
4826	1.0886
4174	1.0888
1225	1.0895
2184	1.0896
890	1.09
3161	1.0902
1936	1.0905
1445	1.0906
4151	1.0906
173	1.0907
650	1.0907
1821	1.0907
4321	1.0909
197	1.091
4352	1.0913
5025	1.0913
767	1.0914
4331	1.0914
1577	1.0916
2310	1.0917
2004	1.0922
1497	1.0923
1541	1.0926
2579	1.0926
2856	1.0927
2327	1.0928
2498	1.0928
188	1.0929
4240	1.0929
5018	1.0929
2156	1.0935
1358	1.0937
1016	1.0938
1174	1.0939
1033	1.0941
1763	1.0946
2088	1.0946
142	1.0949
1022	1.0949
3056	1.095
658	1.0953
360	1.0957
4419	1.0962
5011	1.0962
920	1.0963
1993	1.0963
4935	1.0965
2917	1.0966
907	1.0967
3567	1.0967
4389	1.0968
2072	1.0969
2230	1.0969
3806	1.097
2108	1.0971
2015	1.0973
1795	1.0977
4560	1.0979
3880	1.0982
4429	1.0982
4641	1.0982
39	1.0984
1117	1.0985
4903	1.0988
4047	1.0989
4660	1.0989
3974	1.0992
1968	1.0994
4320	1.0995
1630	1.0996
1175	1.0998
961	1.0999
1719	1.1
3394	1.1
4166	1.1001
1059	1.1002
2208	1.1002
655	1.1004
4558	1.1004
985	1.1005
2998	1.1006
2279	1.1009
1428	1.101
1878	1.101
2456	1.1013
4657	1.1013
713	1.1016
1335	1.1016
2951	1.1018
4164	1.1022
2625	1.1025
1595	1.1026
1058	1.103
1850	1.1033
1875	1.1033
4889	1.1034
1119	1.1035
2421	1.1035
357	1.1039
3436	1.1039
4182	1.104
4382	1.1041
2631	1.1043
4383	1.1045
3967	1.1046
3157	1.105
2683	1.1052
2066	1.1054
962	1.1058
1060	1.1059
1110	1.1059
4093	1.1061
2849	1.1062
1474	1.1063
3635	1.1064
2389	1.1066
847	1.1067
2252	1.1068
2977	1.1068
2377	1.107
1750	1.1071
4184	1.1072
178	1.1074
1679	1.1077
52	1.1078
1773	1.1078
1938	1.1079
3074	1.108
770	1.1081
1811	1.1081
2606	1.1082
2895	1.109
2359	1.1091
5029	1.1092
1785	1.1094
140	1.1096
559	1.1098
4970	1.1098
2412	1.1099
4131	1.1101
4834	1.1101
637	1.1104
3108	1.1104
3900	1.1106
1747	1.1108
1243	1.1109
1712	1.1109
3536	1.1109
344	1.1114
761	1.1123
1910	1.1129
2311	1.1129
3989	1.1131
4368	1.1133
3038	1.1137
753	1.1139
4493	1.1139
1867	1.1142
1099	1.1144
4652	1.1144
153	1.1146
996	1.1148
1496	1.1148
4252	1.1148
167	1.1149
2747	1.1149
1092	1.1152
1831	1.1152
4324	1.1152
2194	1.1155
3708	1.1155
2991	1.1157
2215	1.1158
3492	1.1162
2684	1.1164
2872	1.1165
1639	1.1167
2375	1.1167
1725	1.1169
2000	1.1171
3874	1.1171
2188	1.1175
4066	1.1176
4167	1.1177
3197	1.1182
2630	1.1184
3732	1.1184
4764	1.1192
872	1.1193
965	1.1195
3077	1.1201
915	1.1203
638	1.1205
2737	1.1205
4009	1.1208
1182	1.121
3781	1.121
3234	1.1211
551	1.1214
2142	1.1215
1073	1.1217
21	1.1218
2095	1.1218
3691	1.1218
3261	1.1219
3063	1.122
3095	1.1221
4595	1.1222
4473	1.1226
3575	1.1227
2600	1.123
4725	1.1231
2970	1.1232
4199	1.1232
692	1.1236
1425	1.1239
1470	1.1239
3840	1.124
1368	1.1248
3147	1.1251
3772	1.1251
2786	1.126
2984	1.126
859	1.1263
2430	1.1263
4120	1.1268
2553	1.1274
693	1.1277
1093	1.1278
1645	1.1278
1371	1.1279
3975	1.128
4061	1.1282
596	1.1283
929	1.1283
663	1.1287
2549	1.1289
749	1.1293
2149	1.1295
1284	1.1297
1908	1.1298
4857	1.13
1538	1.1305
2234	1.1309
3152	1.1309
3526	1.1311
4259	1.1313
4068	1.1317
3252	1.1327
3403	1.1327
1703	1.1331
2667	1.1334
4044	1.1346
1270	1.1349
3111	1.135
2842	1.1356
1794	1.1362
1315	1.137
2299	1.1371
2877	1.1373
3980	1.1373
695	1.138
3764	1.138
881	1.1382
1009	1.1385
2157	1.1392
1757	1.1394
94	1.1401
3341	1.1404
852	1.141
4869	1.1411
4192	1.1416
1271	1.1417
2507	1.1417
2946	1.1417
941	1.1418
3879	1.142
2609	1.1422
601	1.1425
1319	1.1425
3823	1.1427
4302	1.1433
184	1.1436
1807	1.1439
1590	1.144
682	1.1443
1397	1.1444
2688	1.1445
504	1.1446
3255	1.1446
3568	1.1449
4337	1.1451
3009	1.1453
4455	1.1455
2725	1.1461
3079	1.1461
1089	1.1463
3718	1.1467
2079	1.1471
1524	1.1481
3322	1.1483
57	1.1489
4026	1.149
2100	1.1493
2210	1.1494
4349	1.1495
3572	1.1498
4360	1.1503
901	1.1504
2659	1.1504
5036	1.1507
931	1.1515
3988	1.152
4513	1.1521
116	1.1529
3643	1.1537
772	1.154
897	1.154
4074	1.154
2231	1.1549
1337	1.1551
3960	1.1554
2490	1.1557
1885	1.1559
85	1.156
752	1.156
3052	1.1562
4602	1.1564
1793	1.1571
4582	1.1572
1266	1.1579
2769	1.1583
1512	1.1584
4808	1.1585
3559	1.1589
1444	1.159
4874	1.1594
3343	1.1596
4004	1.1596
1755	1.1597
3368	1.1599
4298	1.1608
3282	1.1615
783	1.1622
4872	1.1624
909	1.1625
1761	1.1626
4005	1.1639
4586	1.1639
4134	1.1644
2277	1.165
549	1.1651
2200	1.1653
1865	1.1659
3289	1.1663
2760	1.1665
2752	1.1669
3206	1.1669
1406	1.1674
4359	1.1675
789	1.1691
479	1.1697
1311	1.1698
2863	1.17
4405	1.1703
4436	1.1709
2293	1.171
1458	1.1716
4086	1.1719
618	1.1721
1010	1.1722
2045	1.1728
4774	1.1728
489	1.173
1780	1.173
4621	1.1742
3310	1.1744
3899	1.1746
4312	1.1747
607	1.1749
2740	1.1752
3512	1.1752
4850	1.1753
4731	1.1763
3184	1.1766
2566	1.1771
2517	1.1772
2879	1.1773
1198	1.1779
4533	1.1779
1441	1.178
4362	1.1793
2122	1.1795
1055	1.1798
4929	1.1798
2452	1.1818
3810	1.1818
1937	1.1819
539	1.1824
1897	1.1824
4054	1.1831
126	1.1835
3397	1.1837
984	1.1841
2305	1.1846
884	1.1853
615	1.1855
4787	1.1856
4873	1.1872
2503	1.1874
2587	1.1876
3398	1.1881
2875	1.1883
530	1.1889
4459	1.1893
4523	1.1896
4901	1.1896
841	1.1898
4050	1.1898
4158	1.1902
970	1.1913
412	1.1915
2451	1.1922
2718	1.1923
3640	1.1929
1627	1.1932
845	1.1954
4322	1.1955
14	1.1959
4682	1.1959
4420	1.1964
2085	1.1965
3579	1.1969
4667	1.197
4954	1.1979
952	1.1989
2702	1.199
2136	1.1996
2491	1.1997
799	1.2002
2472	1.2007
3537	1.2008
399	1.2015
19	1.2016
1297	1.2016
1461	1.2016
2059	1.2022
4253	1.2024
1743	1.2027
4938	1.2032
1359	1.2033
3993	1.2034
4587	1.2037
4608	1.2039
1861	1.2042
876	1.2044
3455	1.2044
2473	1.2045
1280	1.2047
4824	1.2053
1170	1.2056
4025	1.2056
994	1.2058
1534	1.2062
1667	1.2073
1826	1.2076
398	1.2079
36	1.2092
2717	1.2093
4402	1.2094
3054	1.2099
106	1.21
2709	1.2102
4845	1.2105
649	1.211
3324	1.2113
2455	1.2115
4341	1.2121
2624	1.2125
2488	1.2137
1283	1.2138
2309	1.2139
2054	1.2143
4704	1.215
1947	1.2152
715	1.2159
1197	1.2169
3490	1.2169
3352	1.2171
1277	1.2181
2280	1.2184
3326	1.2184
3117	1.2185
3796	1.2186
3022	1.2194
500	1.2198
2540	1.2198
3484	1.2199
1953	1.2205
1012	1.2218
707	1.2228
2474	1.2229
4147	1.2236
3813	1.2248
2477	1.225
3631	1.2252
4570	1.2261
349	1.227
2424	1.2272
2041	1.2278
1988	1.228
2940	1.228
4372	1.2282
1276	1.2283
4724	1.23
1676	1.2308
2846	1.2311
3275	1.2316
1026	1.2322
2575	1.2326
2906	1.2326
3257	1.2326
366	1.2359
1413	1.2361
4243	1.2361
2807	1.2379
4358	1.2399
1483	1.24
4924	1.2401
1736	1.2403
3833	1.2406
578	1.2407
2383	1.2407
3168	1.2414
1721	1.2419
2459	1.2422
4681	1.2424
4591	1.2455
191	1.2456
2952	1.246
115	1.2466
2111	1.2466
723	1.247
2254	1.2472
1042	1.2481
4179	1.2482
4226	1.2487
1654	1.25
2361	1.25
4508	1.2504
4178	1.251
435	1.2511
4056	1.2526
1694	1.2527
1814	1.2531
2551	1.2548
3898	1.2557
2830	1.257
329	1.2583
362	1.2592
759	1.2594
384	1.2616
4492	1.262
1700	1.2622
4878	1.2624
2997	1.2628
2950	1.2642
1646	1.2643
4846	1.2652
1540	1.2659
3750	1.2661
3999	1.2662
2859	1.2667
5032	1.2669
1018	1.2676
3330	1.2683
784	1.2685
4223	1.2685
1442	1.2698
1972	1.2706
4518	1.2706
1324	1.2707
3848	1.2708
4902	1.2709
2960	1.2722
2158	1.2727
3946	1.2738
4719	1.2739
3636	1.2741
4922	1.2746
3570	1.275
1473	1.2751
3408	1.276
4648	1.276
2943	1.2765
550	1.2768
1502	1.277
2096	1.277
2191	1.278
3834	1.2804
4379	1.2811
2143	1.2829
3516	1.2839
1513	1.2847
2828	1.2848
2986	1.2851
2678	1.2852
3067	1.2855
2860	1.2864
363	1.2867
3451	1.2874
3657	1.2878
2492	1.2881
1273	1.2889
2604	1.289
3146	1.2902
4562	1.2903
4559	1.2907
574	1.2909
2167	1.2912
564	1.2918
3812	1.2926
1820	1.2928
3710	1.2928
1775	1.2936
4535	1.2936
3442	1.2947
3648	1.2955
2213	1.2964
4702	1.2966
1171	1.2968
2514	1.2973
2148	1.298
2726	1.2982
3370	1.2982
4809	1.2986
1559	1.2997
1180	1.3003
3437	1.3004
4307	1.3012
4786	1.3019
3073	1.3025
4755	1.3028
4839	1.3029
2461	1.3043
510	1.3047
889	1.305
2990	1.3058
576	1.307
3916	1.307
3938	1.3071
3101	1.3073
2415	1.3087
2848	1.3095
2995	1.3096
580	1.3121
4122	1.313
3412	1.3145
2590	1.3146
4169	1.3146
2264	1.3155
3618	1.3156
604	1.316
4784	1.3164
4811	1.3164
2351	1.3171
1929	1.3181
2152	1.3181
2196	1.3186
4658	1.3193
1020	1.3197
4378	1.3199
2292	1.3202
3897	1.3206
4327	1.321
3839	1.3212
4655	1.322
681	1.3231
704	1.3232
4323	1.3234
4636	1.3249
882	1.3256
3569	1.3256
2672	1.3257
1986	1.3265
2820	1.3283
1985	1.3285
3232	1.3286
2206	1.3308
2133	1.3313
3677	1.3314
2751	1.3315
3838	1.3318
4404	1.3322
4851	1.3329
4329	1.3332
4017	1.3333
677	1.3339
614	1.3341
3883	1.3359
2222	1.3366
4251	1.3372
3474	1.338
1837	1.3384
729	1.339
1842	1.3403
2825	1.3405
3424	1.3417
1113	1.3419
1516	1.3432
2227	1.3442
1207	1.3446
1656	1.3451
72	1.3464
612	1.3468
4144	1.3471
4007	1.348
4615	1.3506
2819	1.3511
1650	1.3514
1308	1.3532
3920	1.3537
4430	1.3544
3860	1.3546
947	1.3557
1987	1.3563
1817	1.3574
2116	1.3588
1206	1.3589
4388	1.36
3954	1.3606
2686	1.3627
333	1.363
853	1.3634
1479	1.3646
2141	1.365
4689	1.366
2197	1.3661
3634	1.3663
1589	1.3673
972	1.3678
757	1.368
4768	1.3682
3632	1.3685
1041	1.369
1456	1.371
2584	1.3716
2119	1.3744
2954	1.3749
437	1.3755
2144	1.3758
1234	1.3764
3426	1.3767
1563	1.377
755	1.3774
1779	1.378
1164	1.3789
51	1.3798
1702	1.38
4691	1.3804
998	1.3806
4431	1.3822
3071	1.3837
3441	1.3861
1378	1.3869
3226	1.3889
3934	1.3897
2238	1.3898
3429	1.3924
2226	1.3925
2223	1.3939
4010	1.3941
4606	1.3941
2139	1.3949
473	1.3962
4205	1.3969
4583	1.3983
1421	1.3989
3298	1.3989
1862	1.3991
1140	1.4011
467	1.4017
1485	1.4026
1822	1.4031
3176	1.4038
3603	1.4054
4021	1.406
1459	1.4063
3488	1.4072
2168	1.4074
1638	1.4098
626	1.4106
348	1.4115
555	1.4137
588	1.4162
1777	1.4176
4984	1.4177
1493	1.4186
2173	1.4194
2032	1.4223
4496	1.4227
1317	1.423
2572	1.4233
3499	1.4237
4206	1.4257
2637	1.4261
3759	1.4278
2286	1.4287
4265	1.4291
2165	1.4293
389	1.4299
2988	1.4315
2539	1.4326
2130	1.4335
4932	1.4339
3144	1.4341
512	1.4375
1514	1.4381
4819	1.4393
3422	1.4394
2061	1.4406
4474	1.441
585	1.4411
1339	1.4434
4370	1.4436
3080	1.4445
154	1.4468
4635	1.4485
1190	1.4486
737	1.4492
1083	1.4499
2713	1.4506
3558	1.4507
1303	1.4518
365	1.4528
3943	1.4553
3438	1.4589
2219	1.4608
840	1.4634
3179	1.4636
3563	1.4643
259	1.4645
97	1.4662
337	1.4665
1859	1.467
2225	1.4672
3950	1.4673
843	1.4685
3816	1.4691
3371	1.4692
1868	1.47
1856	1.471
441	1.4713
2801	1.4714
9	1.4725
1492	1.4734
1340	1.4757
2147	1.4786
2192	1.4821
4727	1.4826
1346	1.4832
416	1.4837
3627	1.4837
2354	1.484
4124	1.4843
1419	1.4855
4078	1.4857
1011	1.4869
4732	1.4872
932	1.4874
2698	1.4897
3219	1.4906
2500	1.491
2657	1.4919
1928	1.4922
4931	1.4923
2247	1.4927
4263	1.4945
2237	1.4956
1715	1.4975
4853	1.4992
1154	1.4993
4274	1.4996
15	1.5
3826	1.5002
1578	1.5033
2336	1.5034
537	1.5077
4483	1.5083
425	1.5093
3827	1.5094
1407	1.513
2680	1.5154
4434	1.5161
1860	1.5191
3258	1.5235
815	1.5246
1574	1.5283
1658	1.5293
3151	1.5299
3229	1.5335
2161	1.5343
4643	1.5349
1889	1.5356
2228	1.5362
3356	1.5365
1810	1.5374
2623	1.5383
2314	1.5419
485	1.543
4463	1.544
2744	1.5446
554	1.5447
2221	1.5474
1189	1.5489
2245	1.5493
1334	1.5513
461	1.5523
2379	1.5534
1129	1.5557
1599	1.5567
2864	1.5573
2386	1.5605
2480	1.5614
4285	1.5616
1415	1.5659
2224	1.5669
2307	1.5669
4522	1.5681
95	1.5685
3646	1.5695
3722	1.5705
1553	1.5706
2324	1.571
4852	1.5711
1039	1.5722
1494	1.5764
2313	1.5775
139	1.5806
1079	1.5812
4417	1.5842
2075	1.5867
1468	1.5893
86	1.5911
2710	1.5944
566	1.5946
4448	1.596
1122	1.5988
1858	1.6004
3531	1.6033
967	1.6064
1053	1.6073
1876	1.6073
3637	1.6073
1977	1.6086
1265	1.6096
17	1.61
231	1.6106
2362	1.6108
4489	1.6134
611	1.6169
1870	1.6183
2794	1.6183
4471	1.6213
4505	1.6232
1631	1.6249
1476	1.6261
2201	1.6275
824	1.6361
1621	1.6386
2352	1.6439
4069	1.6455
3978	1.6466
3922	1.6513
4288	1.6528
739	1.6544
3533	1.6561
1786	1.6566
3087	1.6566
2671	1.6631
3906	1.6641
4275	1.6644
3467	1.6657
3723	1.6667
1261	1.6708
3686	1.6716
3605	1.6737
660	1.674
159	1.6741
3957	1.6751
5038	1.6766
1005	1.6775
2797	1.6777
37	1.6805
2677	1.6813
1665	1.6862
654	1.6888
534	1.6897
2640	1.69
1857	1.6908
2367	1.6924
4374	1.696
1187	1.6968
1906	1.7015
4529	1.7049
1191	1.7065
26	1.7072
1462	1.7145
11	1.7152
1487	1.7158
1994	1.7188
4057	1.7221
942	1.7224
2182	1.7282
2905	1.732
988	1.7462
1960	1.7488
1518	1.7506
2757	1.7523
3427	1.7538
4890	1.7562
3471	1.7685
4815	1.7704
2665	1.772
84	1.7722
2212	1.7726
3496	1.7731
1921	1.7762
2529	1.78
4113	1.7822
1114	1.7844
426	1.7884
2655	1.7919
1124	1.7969
2190	1.7981
1188	1.8042
91	1.8047
2372	1.8048
4143	1.8053
2239	1.8076
2938	1.8103
3737	1.8157
4820	1.8184
738	1.8186
1593	1.8202
4177	1.822
1078	1.8329
2107	1.8346
865	1.8351
3002	1.8408
3098	1.8419
2754	1.8445
1431	1.8538
4296	1.8558
4722	1.8621
1827	1.8747
2366	1.8845
3379	1.891
1111	1.8939
3868	1.8979
4015	1.9033
2588	1.9114
887	1.9116
2919	1.9126
511	1.9146
1776	1.9188
3996	1.9217
3792	1.9342
4870	1.9404
2163	1.9453
4659	1.9569
4898	1.9616
1737	1.9653
1580	1.9693
3027	1.972
657	1.9721
351	1.9732
4139	1.982
2958	1.9851
1958	1.9911
2334	2
1753	2.0084
4012	2.0099
1430	2.0165
1134	2.0263
4802	2.032
2675	2.035
1000	2.0391
606	2.0414
2660	2.0414
4425	2.0416
2301	2.0421
4361	2.0425
922	2.0539
1006	2.0551
471	2.075
2595	2.0788
4081	2.1301
2647	2.167
4791	2.1706
2373	2.1775
4079	2.1907
4130	2.1922
3926	2.1992
3028	2.23
1734	2.2313
25	2.2436
2756	2.252
3051	2.2579
102	2.2876
3440	2.3027
3482	2.323
4610	2.3366
4348	2.3743
1343	2.4068
3867	2.5175
4911	2.5626
1607	2.5916
4112	2.6103
2332	2.6126
1342	2.6246
1720	2.6783
451	2.7872
2663	2.8694
517	2.8885
4373	2.9521
4949	21.374
131	5.4589
